$ 1 0.000005 5.934295036739208 50 5 50 5e-11
207 784 352 736 352 4 out
g 800 112 800 128 0 0
w 608 -112 608 -64 0
R 512 160 512 128 0 0 40 -11.75 0 0 0.5
r 512 224 512 160 0 7870
O 608 224 608 176 3 1
d 448 272 512 272 2 1N4148
r 608 224 512 224 0 5900
a 512 288 608 288 8 10 -10 1000000 -0.00003447094310852412 0 100000
g 512 304 512 320 0 0
w 608 224 608 288 0
w 512 224 512 272 0
r 352 208 448 208 0 10000
R 352 144 352 112 0 0 40 0 0 0 0.5
r 672 288 608 288 0 100000
r 352 256 272 256 0 100000
r 352 144 352 208 0 300000
a 352 272 448 272 8 10 -10 1000000 -0.00000604421533443885 0 100000
g 352 288 352 304 0 0
w 352 208 352 256 0
w 448 208 448 272 0
r 208 288 208 352 0 300000
r 208 224 208 176 0 75000
O 272 256 272 304 3 1
w 272 256 224 256 0
R 208 176 208 144 0 0 40 -11.75 0 0 0.5
g 208 352 208 368 0 0
174 208 224 208 288 1 100000 0.005 Charge Pot
174 144 -96 144 -32 1 100000 0.005 Discharge Pot
g 144 32 144 48 0 0
R 144 -144 144 -176 0 0 40 -11.75 0 0 0.5
w 208 -64 160 -64 0
O 208 -64 208 -16 3 1
r 144 -96 144 -144 0 75000
r 144 -32 144 32 0 300000
w 384 -112 384 -48 0
w 288 -112 288 -64 0
g 288 -32 288 -16 0 0
a 288 -48 384 -48 8 10 -10 1000000 -0.00000604421533443874 0 100000
O 704 -64 752 -64 3 1
g 608 0 608 16 0 0
w 704 -64 704 -16 0
w 608 -64 608 -32 0
r 288 -176 288 -112 0 300000
r 288 -64 208 -64 0 100000
r 768 -16 704 -16 0 100000
r 608 -64 704 -64 0 10000
R 608 -176 608 -208 0 0 40 -11.75 0 0 0.5
r 608 -112 608 -176 0 247000
a 608 -16 704 -16 8 10 -10 1000000 -0.00007910967343338228 0 100000
r 608 -32 544 -32 0 10000
R 288 -176 288 -208 0 0 40 0 0 0 0.5
r 288 -112 384 -112 0 10000
w 448 -80 448 -48 0
w 544 -80 544 -32 0
d 384 -48 448 -48 2 1N4148
r 544 -80 448 -80 0 8200
g 448 -16 448 0 0 0
a 448 -32 544 -32 8 10 -10 1000000 0.00007435420263481591 0 100000
w 704 288 704 256 0
w 672 288 704 288 0
w 736 176 736 240 0
w 672 288 672 272 0
r 592 384 592 448 0 4700
t 704 256 672 256 0 -1 0 -0.5204390883076986 100 default
t 704 256 736 256 0 -1 8.977667178855262 5.879560911692302 100 default
w 832 48 832 112 0
r 768 48 768 112 0 4700
370 784 352 784 400 3 0 0
O 784 400 832 400 3 1
w 864 16 832 16 0
g 784 448 784 464 0 0
c 784 400 784 448 4 0.000001 0.0017560003908559962 0.001 0
w 800 -16 800 32 0
w 768 -16 800 -16 0
w 768 16 768 -16 0
w 800 112 832 112 0
w 768 112 800 112 0
t 800 32 768 32 0 1 0 0.48196763587995833 100 default
t 800 32 832 32 0 1 0.5227952946328944 0.5407232842117843 100 default
d 736 272 784 272 2 1N4148
d 784 272 832 272 2 1N4148
w 784 352 784 272 0
w 832 272 864 272 0
w 864 272 864 16 0
R 672 176 672 144 0 0 40 9.5 0 0 0.5
w 672 240 672 176 0
R 736 176 736 144 0 0 40 3.1 0 0 0.5
o 0 64 0 4098 0.01953125 0.1 0 2 0 3
38 13 F1 0 -7.5 7.5 -1 CV\sCharge
38 51 F1 0 -20 20 -1 CV\sDischarge
38 87 F1 0 0 5 -1 Input
