$ 1 0.000005 10.20027730826997 50 5 50 5e-11
r 240 240 304 240 0 2000
a 304 256 384 256 9 10 -10 1000000 -0.09803823530392147 -0.09803921568627451 100000
r 304 240 304 160 0 100000
g 240 240 240 256 0 0
w 304 272 304 304 0
w 304 304 384 304 0
w 384 304 384 256 0
c 384 368 384 416 4 0.000001 -0.09872956270596074 0.001 0
g 384 416 384 432 0 0
j 320 352 384 352 32 -4 0.00125
w 384 304 384 336 0
R 304 160 304 128 0 0 40 -5 0 0 0.5
r 160 400 160 464 0 1000000
g 320 416 320 432 0 0
R 320 352 288 352 0 0 40 -3.9 0 0 0.5
a 464 384 544 384 9 10 -10 1000000 -0.09867923629545007 -0.09872956270596074 100000
w 464 368 384 368 0
r 544 384 608 384 0 1000
w 464 400 464 432 0
w 544 432 544 384 0
O 608 384 672 384 3 2
r 464 432 464 480 0 2000
g 464 480 464 496 0 0
r 544 432 464 432 0 100000
o 11 64 0 4098 5 0.1 0 2 11 3
o 20 64 0 4098 16.051614816646357 0.0001 1 1
38 11 F1 0 -5 5 -1 Input
38 14 F1 0 -5 5 -1 CV
