$ 1 0.000005 10.20027730826997 50 5 50 5e-11
a 368 400 448 400 8 10.8 -10.8 1000000 0.00004999900001999958 0 100000
w 368 416 368 448 0
r 368 384 304 384 0 100000
172 304 384 272 384 0 7 5 5 0 0 0.5 Input
d 592 624 544 624 2 1N4148
t 528 656 528 624 0 -1 0 -0.4614125647893941 100 default
t 480 624 480 592 0 -1 -0.43959658774924826 -0.4614125647893941 100 default
w 512 624 480 624 0
w 496 592 544 592 0
w 544 592 544 624 0
c 384 544 384 576 4 0.000001 5.782175528970728 0.001 0
g 384 576 384 592 0 0
w 464 544 464 592 0
O 384 544 336 544 3 2
t 448 736 480 736 0 1 -4.863362619417461 0.47102697304244434 100 default
w 480 656 480 720 0
r -32 704 -32 768 0 1000
r 416 672 416 736 0 1000000
R 416 672 416 640 0 0 40 11.8 0 0 0.5
w 416 736 448 736 0
t 384 752 416 752 0 -1 -0.011128421746044198 -0.4792163218040187 100 default
g 416 832 416 848 0 0
g 480 816 480 832 0 0
172 -32 608 -64 608 0 7 10 10 1 0 0.5 Vin10
w 528 656 480 656 0
w 480 656 480 624 0
R 512 288 512 256 0 0 40 -11.8 0 0 0.5
w 368 384 368 352 0
r 368 352 448 352 0 100000
w 448 400 448 352 0
g 368 448 368 464 0 0
a 512 416 592 416 8 10.8 -10.8 1000000 -0.00006179770226825196 0 100000
r 448 400 512 400 0 10000
r 512 352 592 352 0 10000
w 512 352 512 400 0
w 592 416 592 352 0
g 512 432 512 464 0 0
r 512 352 512 288 0 100000
w 592 624 592 416 0
t 0 688 -32 688 0 1 0 1.652893359960217e-7 100 default
w -32 768 32 768 0
r -32 656 -32 608 0 100000
w -32 656 0 656 0
w -32 672 -32 656 0
w 0 656 0 688 0
172 384 752 352 752 0 7 0 1 0 0 0.5 Vin1
r 480 816 480 752 0 1000
r 416 768 416 832 0 1000
w 464 544 384 544 0
o 3 64 0 4098 5 0.1 0 2 3 3
o 23 64 0 4098 10 0.1 1 2 23 3
o 13 64 0 4098 11.033674377175148 0.0001 2 1
